    1.837874    95.011687    0.2182    0.2612   -0.0430
    1.787879    95.029533    0.2790    0.2555    0.0235
    1.737883    95.047378    0.2465    0.2450    0.0015
    1.687887    95.065221    0.1998    0.2308   -0.0310
    1.637891    95.083064    0.2258    0.2284   -0.0026
    1.587894    95.100905    0.2640    0.2371    0.0269
    1.537897    95.118745    0.2228    0.2408   -0.0180
    1.487900    95.136584    0.2184    0.2515   -0.0331
    1.437903    95.154423    0.2163    0.2813   -0.0650
    1.387905    95.172260    0.4200    0.3044    0.1156
    1.337907    95.190096    0.3681    0.3109    0.0572
    1.287909    95.207932    0.2583    0.3240   -0.0657
    1.237911    95.225766    0.3062    0.3394   -0.0332
    1.187913    95.243600    0.3698    0.3347    0.0351
    1.137914    95.261433    0.3785    0.3240    0.0545
    1.087916    95.279265    0.2072    0.3241   -0.1169
    1.037917    95.297096    0.3601    0.3160    0.0441
    0.987917    95.314927    0.3140    0.2945    0.0195
    0.937918    95.332757    0.3092    0.2807    0.0285
    0.887919    95.350587    0.2344    0.2718   -0.0374
    0.837919    95.368416    0.2400    0.2504   -0.0104
    0.787920    95.386244    0.2981    0.2316    0.0665
    0.737920    95.404072    0.0963    0.2337   -0.1374
    0.687920    95.421899    0.3331    0.2401    0.0930
    0.637920    95.439726    0.0985    0.1186   -0.0200
    0.587920    95.457552    0.1343    0.2364   -0.1021
    0.537920    95.475378    0.3158    0.2392    0.0766
    0.487919    95.493204    0.1878    0.2291   -0.0413
    0.437919    95.511029    0.2620    0.2018    0.0602
    0.387918    95.528854    0.1484    0.1653   -0.0169
    0.337918    95.546679    0.1235    0.1189    0.0046
    0.287917    95.564504   -0.0078    0.0646   -0.0724
    0.237917    95.582328    0.1016    0.0163    0.0853
    0.187916    95.600152    0.0306   -0.0163    0.0469
    0.137916    95.617976   -0.1597   -0.0333   -0.1264
    0.087915    95.635800    0.0627   -0.0363    0.0990
    0.037914    95.653624   -0.0327   -0.0253   -0.0074
   -0.012086    95.671448   -0.0306    0.0011   -0.0317
   -0.062087    95.689272    0.0204    0.0357   -0.0153
   -0.112088    95.707096    0.0710    0.0609    0.0101
   -0.162088    95.724920    0.0552    0.0743   -0.0191
   -0.212089    95.742744    0.0923    0.0926   -0.0003
   -0.262089    95.760568    0.1037    0.1071   -0.0034
   -0.312090    95.778393    0.1516    0.0919    0.0597
   -0.362090    95.796217   -0.0038    0.0587   -0.0625
   -0.412090    95.814042    0.0638    0.0405    0.0233
   -0.462091    95.831867   -0.0212    0.0334   -0.0546
   -0.512091    95.849693    0.0932    0.0218    0.0714
   -0.562091    95.867518   -0.0165    0.0156   -0.0321
   -0.612091    95.885345   -0.0166    0.0175   -0.0341
   -0.662091    95.903171    0.0166    0.0111    0.0055
   -0.712091    95.920998    0.0224   -0.0019    0.0243
   -0.762090    95.938826    0.0435   -0.0073    0.0508
   -0.812090    95.956654   -0.0414    0.0010   -0.0424
   -0.912088    95.992311    0.0626    0.0335    0.0291
   -0.962087    96.010141    0.0203    0.0665   -0.0462
   -1.012086    96.027971    0.0281    0.0918   -0.0637
   -1.062085    96.045802    0.1243    0.1119    0.0124
   -1.112083    96.063634    0.1395    0.1335    0.0060
   -1.162082    96.081466    0.2122    0.1562    0.0560
   -1.212080    96.099299    0.1296    0.1699   -0.0403
   -1.262078    96.117133    0.2206    0.1654    0.0552
   -1.312075    96.134968    0.0537    0.1561   -0.1024
   -1.362073    96.152804    0.2209    0.1628    0.0581
   -1.412070    96.170641    0.2120    0.1736    0.0384
   -1.462067    96.188478    0.0992    0.1645   -0.0653
   -1.512064    96.206317    0.0953    0.1403   -0.0450
   -1.562060    96.224156    0.1639    0.1053    0.0586
   -1.612057    96.241997    0.0101    0.0401   -0.0300
   -1.662053    96.259839   -0.0007   -0.0364    0.0357
   -1.712048    96.277681   -0.0640   -0.0676    0.0036
   -1.762044    96.295525   -0.0787   -0.0484   -0.0303
   -1.812039    96.313370   -0.0105   -0.0304    0.0199
   -1.862033    96.331217   -0.0094   -0.0300    0.0206
   -1.912028    96.349064    0.0245   -0.0084    0.0328
   -1.962022    96.366913   -0.0325    0.0131   -0.0456
   -2.012016    96.384763    0.0633    0.0312    0.0321
   -2.062009    96.402614   -0.0485    0.0308   -0.0793
   -2.112002    96.420467    0.0132    0.0294   -0.0162
   -2.161995    96.438321    0.0415    0.0369    0.0046
   -2.211987    96.456177    0.0539    0.0511    0.0028
   -2.261979    96.474034    0.0997    0.0637    0.0360
   -2.311971    96.491893    0.0609    0.0606    0.0003
   -2.361962    96.509753    0.0468    0.0436    0.0032
   -2.411953    96.527615    0.0627    0.0359    0.0268
   -2.461943    96.545478    0.0039    0.0426   -0.0387
   -2.511933    96.563343    0.0832    0.0419    0.0413
   -2.561923    96.581210   -0.0216    0.0285   -0.0501
   -2.611912    96.599078    0.0640    0.0207    0.0433
   -2.661901    96.616948    0.0138    0.0166   -0.0028
   -2.711889    96.634820   -0.0212    0.0009   -0.0221
   -2.761877    96.652694    0.0198   -0.0192    0.0390
   -2.811864    96.670569   -0.0465   -0.0314   -0.0151
   -2.861851    96.688447    0.0101   -0.0383    0.0484
   -2.911837    96.706326   -0.0954   -0.0426   -0.0528
   -2.961823    96.724207   -0.0540   -0.0414   -0.0126
   -3.011808    96.742091    0.0705   -0.0369    0.1074
   -3.061793    96.759976   -0.0210   -0.0292    0.0082
   -3.111777    96.777863   -0.0523   -0.0106   -0.0417
   -3.161761    96.795753   -0.0122    0.0204   -0.0326
   -3.211744    96.813644    0.0918    0.0576    0.0342
   -3.261727    96.831538    0.0461    0.0908   -0.0447
   -3.311709    96.849433    0.0943    0.1099   -0.0156
   -3.361691    96.867331    0.1949    0.1153    0.0796
   -3.411672    96.885232    0.1305    0.1132    0.0173
   -3.461652    96.903134   -0.0116    0.0973   -0.1089
   -3.511632    96.921039    0.0550    0.0567   -0.0017
   -3.561611    96.938946    0.0246    0.0032    0.0214
   -3.611590    96.956856   -0.0428   -0.0330   -0.0098
   -3.661568    96.974768   -0.0461   -0.0377   -0.0084
   -3.711545    96.992682   -0.0124   -0.0288    0.0164
   -3.761522    97.010599   -0.0473   -0.0318   -0.0155
   -3.811498    97.028519   -0.0029   -0.0404    0.0375
   -3.861474    97.046441    0.0353   -0.0266    0.0619
   -3.911449    97.064365   -0.0027    0.0125   -0.0152
   -3.961423    97.082292    0.0779    0.0991   -0.0212
   -4.111341    97.136090    0.3821    0.1534    0.2287
   -4.161313    97.154028   -0.0739    0.1319   -0.2058
   -4.211284    97.171969    0.0290    0.0405   -0.0115
   -4.411159    97.243760   -0.0195   -0.0439    0.0244
   -4.461127    97.261716    0.0230   -0.0231    0.0461
   -4.511093    97.279674   -0.1159   -0.0340   -0.0819
   -4.561059    97.297635    0.0444   -0.0212    0.0656
   -4.611023    97.315599   -0.0450   -0.0256   -0.0194
   -4.660987    97.333567   -0.1278   -0.0472   -0.0806
   -4.710951    97.351537    0.0139   -0.0541    0.0680
   -4.810875    97.387488   -0.1573   -0.0162   -0.1411
   -4.860836    97.405468    0.1234    0.0056    0.1178
   -4.910796    97.423451   -0.0554    0.0077   -0.0631
   -4.960755    97.441438    0.0182    0.0070    0.0112
   -5.010713    97.459428   -0.1230    0.0179   -0.1409
   -5.060671    97.477421    0.1196    0.0238    0.0958
   -5.110627    97.495418   -0.0056    0.0089   -0.0145
   -5.160583    97.513418   -0.0045   -0.0066    0.0021
   -5.210538    97.531422    0.0218   -0.0098    0.0316
   -5.360398    97.585454   -0.1286   -0.1008   -0.0278
   -5.410349    97.603472   -0.1812   -0.1614   -0.0198
   -5.460299    97.621493   -0.1732   -0.1868    0.0136
   -5.510249    97.639518   -0.2340   -0.1831   -0.0509
   -5.560197    97.657547   -0.0402   -0.1701    0.1299
   -5.610145    97.675580   -0.2669   -0.1617   -0.1052
   -5.660092    97.693616   -0.1225   -0.1226    0.0001
   -5.859869    97.765800   -0.0864   -0.0718   -0.0146
   -5.909810    97.783856   -0.0514   -0.0533    0.0019
   -5.959751    97.801916   -0.0329   -0.0210   -0.0119
   -6.009691    97.819980    0.0259    0.0074    0.0185
   -6.059630    97.838048    0.0360    0.0200    0.0160
   -6.109567    97.856120    0.0666    0.0256    0.0410
   -6.159504    97.874196   -0.0282    0.0319   -0.0601
   -6.209440    97.892276    0.1010    0.0372    0.0638
   -6.259374    97.910360    0.0637    0.0441    0.0196
   -6.309308    97.928449    0.0217    0.0530   -0.0313
   -6.359240    97.946542    0.0408    0.0564   -0.0156
   -6.409172    97.964639    0.0206    0.0509   -0.0303
   -6.459102    97.982741    0.0714    0.0453    0.0261
   -6.509031    98.000846    0.0956    0.0500    0.0456
   -6.558959    98.018957    0.0403    0.0638   -0.0235
   -6.608886    98.037071    0.1030    0.0774    0.0256
   -6.658812    98.055191    0.0242    0.0889   -0.0647
   -6.708737    98.073314    0.1392    0.1035    0.0357
   -6.758661    98.091443    0.0549    0.1170   -0.0621
   -6.808583    98.109575    0.1561    0.1170    0.0391
   -6.858504    98.127713    0.1103    0.1004    0.0099
   -6.908424    98.145855    0.0679    0.0823   -0.0144
   -6.958343    98.164002    0.1123    0.0739    0.0384
   -7.008261    98.182153    0.0063    0.0364   -0.0301
   -7.058178    98.200309    0.1197    0.0746    0.0451
   -7.108093    98.218470    0.1016    0.0775    0.0241
   -7.158007    98.236636    0.0219    0.0727   -0.0508
   -7.207920    98.254807    0.0584    0.0503    0.0081
   -7.257832    98.272982    0.0480    0.0213    0.0267
   -7.307742    98.291163   -0.0329    0.0055   -0.0384
   -7.357652    98.309348    0.0378    0.0003    0.0375
   -7.407559    98.327539    0.0059   -0.0113    0.0172
   -7.457466    98.345734   -0.0522   -0.0271   -0.0251
   -7.507372    98.363935   -0.0289   -0.0383    0.0094
   -7.557276    98.382140   -0.0410   -0.0498    0.0088
   -7.607179    98.400351   -0.0776   -0.0625   -0.0151
   -7.657080    98.418567   -0.0749   -0.0677   -0.0072
   -7.706980    98.436788   -0.0756   -0.0700   -0.0056
   -7.756879    98.455015   -0.0560   -0.0814    0.0254
   -7.806777    98.473247   -0.1099   -0.0965   -0.0134
   -7.856673    98.491484   -0.1242   -0.1046   -0.0196
   -7.906568    98.509726   -0.1079   -0.1045   -0.0034
   -7.956462    98.527974   -0.0885   -0.0963    0.0078
   -8.006354    98.546227   -0.1347   -0.0857   -0.0490
   -8.056245    98.564485   -0.0625   -0.0898    0.0273
   -8.106135    98.582750   -0.1021   -0.1084    0.0063
   -8.156023    98.601019   -0.0894   -0.1175    0.0281
   -8.205909    98.619294   -0.1189   -0.1099   -0.0090
   -8.255795    98.637575   -0.1021   -0.1029    0.0008
   -8.305679    98.655862   -0.0506   -0.1005    0.0499
   -8.355561    98.674154   -0.1778   -0.0929   -0.0849
   -8.405442    98.692452   -0.1247   -0.0884   -0.0363
   -8.455322    98.710755   -0.1016   -0.1003   -0.0013
   -8.505200    98.729064   -0.1135   -0.1151    0.0016
   -8.555077    98.747380   -0.1151   -0.1161    0.0010
   -8.604952    98.765701   -0.0267   -0.1105    0.0838
   -8.654826    98.784028   -0.1596   -0.1078   -0.0518
   -8.704698    98.802360   -0.1396   -0.1023   -0.0373
   -8.754569    98.820699   -0.0882   -0.0943    0.0061
   -9.203337    98.986022   -0.0864   -0.0777   -0.0087
   -9.253193    99.004423   -0.0447   -0.0694    0.0247
   -9.303047    99.022830   -0.0761   -0.0515   -0.0246
   -9.352899    99.041243   -0.0822   -0.0286   -0.0536
   -9.402749    99.059662    0.0262   -0.0139    0.0401
   -9.452598    99.078088   -0.0200   -0.0162   -0.0038
   -9.502446    99.096521    0.0005   -0.0233    0.0238
   -9.552291    99.114960   -0.0456   -0.0097   -0.0359
   -9.602136    99.133405   -0.0325   -0.0135   -0.0190
   -9.651978    99.151858    0.0125   -0.0189    0.0314
   -9.701819    99.170317   -0.0178   -0.0238    0.0060
   -9.751658    99.188782   -0.0476   -0.0193   -0.0283
   -9.801495    99.207255   -0.0500   -0.0178   -0.0322
   -9.851331    99.225734    0.0112   -0.0195    0.0307
   -9.901165    99.244220   -0.0572   -0.0146   -0.0426
   -9.950997    99.262712    0.0199   -0.0138    0.0337
  -10.000828    99.281212   -0.0648   -0.0237   -0.0411
  -10.050657    99.299718   -0.0023   -0.0218    0.0195
  -10.100484    99.318232   -0.0089    0.0035   -0.0124
  -10.150309    99.336752    0.0371    0.0410   -0.0039
  -10.200133    99.355280    0.0855    0.0952   -0.0097
  -10.249954    99.373814    0.1858    0.1577    0.0281
  -10.299775    99.392356    0.1791    0.1614    0.0177
  -10.349593    99.410905    0.0358    0.0716   -0.0358
  -10.399409    99.429461    0.0282   -0.0299    0.0581
  -10.449224    99.448024   -0.0844   -0.0473   -0.0371
  -10.499037    99.466594    0.1136    0.0222    0.0914
  -10.548848    99.485172    0.0905    0.1335   -0.0430
  -10.598657    99.503757    0.2739    0.2350    0.0389
  -10.648465    99.522349    0.2940    0.2579    0.0361
  -10.698270    99.540949    0.2198    0.1796    0.0402
  -10.748074    99.559556    0.0237    0.0691   -0.0454
  -10.797876    99.578170   -0.0335   -0.0177   -0.0158
  -10.847676    99.596793   -0.0460   -0.0978    0.0518
  -10.897474    99.615422   -0.2113   -0.1707   -0.0406
  -10.947270    99.634059   -0.1615   -0.2004    0.0389
  -10.997064    99.652704   -0.1991   -0.1952   -0.0039
  -11.046857    99.671357   -0.1699   -0.1856    0.0157
  -11.096647    99.690017   -0.1589   -0.1679    0.0090
  -11.146436    99.708685   -0.1419   -0.1540    0.0121
  -11.196222    99.727361   -0.1456   -0.1829    0.0373
  -11.246007    99.746044   -0.2657   -0.2331   -0.0326
  -11.295790    99.764736   -0.1805   -0.2430    0.0625
  -11.345570    99.783435   -0.2352   -0.2221   -0.0131
  -11.395349    99.802142   -0.1970   -0.2242    0.0272
  -11.445126    99.820857   -0.2601   -0.2373   -0.0228
  -11.494901    99.839581   -0.1736   -0.2138    0.0402
  -11.544673    99.858312   -0.1776   -0.1620   -0.0156
  -11.594444    99.877051   -0.1790   -0.1263   -0.0527
  -11.644213    99.895799   -0.1440   -0.1221   -0.0219
  -11.693980    99.914554   -0.1007   -0.1359    0.0352
  -11.743744    99.933318   -0.3113   -0.1500   -0.1613
  -11.793507    99.952090   -0.0836   -0.1330    0.0494
  -11.942782   100.008456   -0.1141   -0.1007   -0.0134
  -11.992536   100.027261   -0.0649   -0.1008    0.0359
  -12.042288   100.046074   -0.0383   -0.1152    0.0769
  -12.092039   100.064897   -0.1038   -0.0648   -0.0389
  -12.141787   100.083727   -0.1121   -0.1308    0.0187
  -12.191532   100.102567   -0.1143   -0.1281    0.0138
  -12.241276   100.121414   -0.1210   -0.1301    0.0091
  -12.291018   100.140271   -0.1307   -0.1267   -0.0040
  -12.340757   100.159136   -0.1392   -0.1188   -0.0204
  -12.390494   100.178010   -0.1496   -0.1203   -0.0293
  -12.440229   100.196892   -0.0802   -0.1242    0.0440
  -12.489962   100.215783   -0.0520   -0.1171    0.0651
  -12.539693   100.234684   -0.1789   -0.1053   -0.0736
  -12.589421   100.253592   -0.0837   -0.0893    0.0056
  -12.639147   100.272510   -0.0243   -0.0645    0.0402
  -12.688871   100.291437   -0.0159   -0.0501    0.0342
  -12.738593   100.310373   -0.0906   -0.0584   -0.0322
  -12.788313   100.329318   -0.0648   -0.0640   -0.0008
  -12.838030   100.348271   -0.0685   -0.0562   -0.0123
  -12.887745   100.367234   -0.0543   -0.0533   -0.0010
  -12.937458   100.386206   -0.0492   -0.0501    0.0009
  -12.987168   100.405188   -0.0170   -0.0354    0.0184
  -13.036876   100.424178   -0.0477   -0.0263   -0.0214
  -13.086582   100.443178   -0.0757   -0.0259   -0.0498
  -13.136286   100.462187   -0.0001   -0.0146    0.0145
  -13.185987   100.481205   -0.0016   -0.0063    0.0047
  -13.235686   100.500232    0.0158   -0.0194    0.0352
  -13.285382   100.519269   -0.0053   -0.0266    0.0213
  -13.335076   100.538316   -0.0358   -0.0107   -0.0251
  -13.384768   100.557372    0.0633   -0.0017    0.0650
  -13.434458   100.576438   -0.0568   -0.0161   -0.0407
  -13.484145   100.595513   -0.0090   -0.0362    0.0272
  -13.533830   100.614597   -0.0187   -0.0501    0.0314
  -13.583512   100.633692   -0.0904   -0.0534   -0.0370
  -13.633192   100.652796   -0.0508   -0.0483   -0.0025
  -13.682869   100.671909   -0.0347   -0.0503    0.0156
  -13.732544   100.691033   -0.0229   -0.0605    0.0376
  -13.782217   100.710166   -0.0843   -0.0589   -0.0254
  -13.831887   100.729309   -0.0230   -0.0467    0.0237
  -13.881555   100.748463   -0.0915   -0.0380   -0.0535
  -13.931220   100.767626   -0.0189   -0.0318    0.0129
  -13.980883   100.786799   -0.0163   -0.0281    0.0118
  -14.030543   100.805982   -0.0335   -0.0352    0.0017
  -14.080200   100.825175   -0.0493   -0.0390   -0.0103
  -14.129856   100.844378   -0.0192   -0.0265    0.0073
  -14.179508   100.863591    0.0061   -0.0131    0.0192
  -14.229159   100.882815    0.0007   -0.0146    0.0153
  -14.278806   100.902048   -0.0175   -0.0221    0.0046
  -14.328451   100.921292   -0.0378   -0.0250   -0.0128
  -14.378094   100.940547   -0.0173   -0.0242    0.0069
  -14.427734   100.959811   -0.0195   -0.0255    0.0060
  -14.477371   100.979086   -0.0593   -0.0344   -0.0249
  -14.527006   100.998372   -0.0521   -0.0495   -0.0026
  -14.576638   101.017667   -0.0259   -0.0600    0.0341
  -14.626268   101.036974   -0.0394   -0.0294   -0.0100
  -14.675895   101.056291   -0.0370   -0.0488    0.0118
  -14.725519   101.075618   -0.0449   -0.0406   -0.0043
  -14.775141   101.094957   -0.0455   -0.0460    0.0005
  -14.824760   101.114305   -0.0612   -0.0579   -0.0033
  -14.874376   101.133665   -0.1030   -0.0589   -0.0441
  -14.923990   101.153035   -0.0232   -0.0544    0.0312
  